ORIGINAL
    8.888140295   0.1236216622   0.9476034259   0.1343410742   0.6264990948   0.3568843894   0.1226681993   0.7562082465   0.7155901639   0.6387757182   0.3432908544   0.1252743272   0.3335828853   0.5245612131   0.2056702106   0.5494427218
   0.3493675205    54.59246179   0.9505092939   0.5929621275  0.04716209697   0.5932874775   0.4937507196   0.3130023625   0.1873538672   0.0425634836 0.001474338119  0.08772254926     0.13832952   0.9710347233   0.1904928201   0.2772067121
  0.09465638506    0.138096246    26.33905832   0.7211554799   0.4949806354    0.534215986   0.4773637263   0.2105707988   0.1729917038   0.8206545808    0.335845126   0.5065745891   0.3452157934   0.5415153371  0.05601731085   0.6945833143
   0.3945225521 0.006526604298   0.2875454413    28.26781754   0.5998140818   0.7812961614   0.7546870116   0.7871679495    0.823859645   0.7561613497   0.8748904988   0.9621891649    0.727196073  0.06538331838    0.239395877   0.8218524581
   0.2034795644   0.6509436633    0.543007938   0.6984601997    11.85021753  0.02037166386    0.909030999   0.3581513531   0.8410262446   0.2448761245   0.8647259422    0.186242038   0.7863914616    0.920743253   0.8808253523   0.1809140133
   0.9272698578   0.1683707932   0.6225986628   0.5270839392   0.9496669546    24.14628313   0.3142518882   0.7735265995   0.1334470236   0.1891423865    0.735715764   0.8606430967   0.2545257054    0.975111641   0.6824955543   0.4580052697
   0.6260553043   0.2255034918   0.1564654695   0.8112149531   0.2458751557  0.06549646802    10.83944357  0.08690140028   0.3103725926  0.03409224797   0.2731434383  0.09676405419    0.954835501   0.1539687902   0.2776780675   0.8821053584
   0.3223395833   0.9002767303   0.4091892975   0.2720065379   0.2775624042   0.7234411858  0.04553313695    26.30460338   0.9125835727   0.7812489009    0.271652524   0.1671092776   0.7563605419   0.9541480783   0.6251145474   0.3824158457
   0.1796515701   0.7815800168   0.1936307983   0.4255267258   0.8470764849   0.3629971046   0.5124281261   0.1574490774    25.41371856   0.7855715644   0.2542131316   0.3519248531   0.9395403545   0.5318911991   0.2340302115   0.2618799378
   0.4321679293    0.643219509   0.5338864757   0.7097303335   0.3666606943   0.5794196127   0.1207397609   0.2792442666   0.3606685132    25.11310623   0.4463535442   0.1170290546   0.3465403627   0.0714680916   0.4994449003   0.5261919329
   0.8530481084   0.6930756991   0.9517186591   0.7001245933  0.05607280324   0.4641467847   0.8575736707   0.4531621558   0.2497183491   0.1117868019    51.52556857   0.1892587031    0.643678001  0.03911721988    0.451138641  0.07584592983
   0.6823367289   0.9850251167   0.7855762633  0.04899742317   0.5644447289   0.9063160242   0.3282416897   0.9251132426   0.2987083086   0.7745952344   0.0421422967      41.295915    0.846063326   0.5415871975   0.1714406042    0.699111434
   0.2346628961   0.1231592629   0.3992360269   0.2907356994   0.5873060481   0.2568096971   0.7438978552   0.8370243971    0.368596499   0.5489848636  0.02628309979  0.01227449999    37.63853337   0.4774217412  0.08812042982   0.2704388123
   0.4624468575   0.8736966936   0.3194362355  0.02689158638   0.7800127174   0.6476779257   0.9520048289    0.078721026   0.4222731597   0.9941471256   0.7239696978   0.2683364853   0.5357343226    57.30625933   0.9674479193   0.7703972188
  0.01856956492   0.3666839462  0.06113291767    0.605875613   0.6234936433   0.8050307728   0.4429000097   0.9920901428   0.3540156364   0.4691831095 0.004364642317   0.9421177203   0.9466048507  0.09248507213    13.60361806   0.4090517081
   0.9661817658   0.5319927682   0.4359432945   0.7461944831   0.1796706934    0.387948123   0.8249155091   0.6019438531   0.3820952482   0.5488852065   0.8702803384   0.9178295713   0.4442955081   0.8377282572   0.6882267896    29.62336467



    13.08238099   0.7493597077   0.0687406855   0.8279058467   0.5543904801   0.5116406952    0.819995989   0.9084061165   0.9808238051   0.8243606313   0.8505238364   0.9274286553   0.9168457035  0.06308036859    0.336480363   0.8830274692
   0.5950731368    49.43511408   0.6292219519   0.7747438302     0.16037178   0.4541374605   0.3766876829   0.5424670286 0.003022666556   0.2469680208   0.4602965994   0.4473181746  0.08469627755   0.1485233885   0.9101832481   0.2891084809
   0.8978830962   0.9789239336    7.488916937   0.4522735763   0.4905646287   0.9370103161   0.3606796923   0.4713884333    0.761370947   0.2112035287   0.3988170882     0.67821665   0.2742838973   0.7352974516   0.5612441188    0.869357034
   0.5077211086   0.1904660702   0.6441008638     42.7579449   0.6446035307   0.0207885462   0.2105599172   0.6476261973    0.267756567   0.6708565167  0.09494437189   0.3524528445   0.8193799052 0.005127619489   0.6415613255   0.7172630014
   0.9840515531   0.7585756526   0.1695365772   0.4746161813    44.51750197   0.5302162694   0.9460046147   0.4569569148   0.7414197981   0.3448217028   0.1351735648   0.0157036949  0.08011915399   0.6964176836   0.8850607289   0.5878402626
   0.8868837542   0.5291615923   0.2559331512   0.5314872845   0.5499501385    29.85555638   0.1791134817   0.8177067055   0.1373495847   0.2740578536     0.17015955   0.9567294903   0.2791854731   0.8117208755   0.6739924912   0.2632370257
   0.5702965281   0.8435290683   0.7378532075   0.2658824959   0.3737453373   0.6838578217    46.26172232   0.1151651354   0.0286795241   0.8580129761   0.1308688303   0.1087986781   0.5544306592  0.01592955925   0.6966389412    0.441314413
   0.5450911515   0.9525720924   0.9728016979  0.09504128997   0.4190651609   0.1519151792   0.9127479954    35.61054371   0.4259730328  0.08290754495   0.5131442354   0.7051585059   0.8946284209   0.1871367261   0.9683955316   0.4649249485
  0.03066579394   0.7062487387   0.7308074444   0.4044111317   0.3901065604   0.4536468552   0.5195762671   0.4187860845    19.94622917   0.6504450974    0.527584763   0.8660904904   0.6663746567   0.2242237037   0.3074049029   0.2114658082
   0.1767957956   0.2802066003   0.3065070982   0.5958609565   0.4321217795   0.2192550931   0.1522757021   0.8580948123   0.3021626385    42.58687599   0.5632533178    0.196791059    0.852556664   0.5316488494   0.6617160075   0.8832224579
   0.2378975876   0.3925234514   0.2876335891    0.628004148   0.8461703071   0.8072098563  0.04679023244   0.1578301374   0.4576549537   0.5743749955    1.530920149   0.1240296099   0.7985986992   0.3313255307   0.3354954181   0.9753944948
    0.611532131   0.6420025163   0.5712554513  0.04365391053   0.8612576098   0.7235311534   0.9017487228   0.1634202479   0.3889510903   0.4650020406   0.3602113069    15.45649625     0.99665089  0.02192731389   0.1247302117   0.2345484771
   0.4144507653   0.4123638009   0.8625526255   0.2606210719   0.2195736571    0.909342858   0.4184512097   0.6772286108    0.483717853   0.4423718371   0.8012582207   0.2823165517    49.51663154   0.1367536388    0.257711046   0.3852294988
   0.7787561551   0.8289664974   0.4288834093   0.6400137644   0.5524976503   0.3306321317   0.8034340124   0.9414487411   0.7956341723   0.1636453188   0.1829564945   0.7922850618   0.1855726327     19.6919492  0.02683353891   0.6000233985
   0.7200505076   0.8893861644   0.8606444704   0.9396241647   0.7987290219   0.2790956797    0.616852775   0.2824468744   0.7214675172   0.4181109953   0.5647634261   0.4951648845   0.5548646341   0.8224744721    56.34524053   0.3336207892
   0.6514409695   0.3092777921   0.9736345536   0.2039386193   0.6399099243    0.777068566     0.14538736   0.4355440961   0.9407138847   0.3283438549   0.2278291579   0.1262865174   0.6360305611   0.2546626969   0.7263099159    22.78918837



    18.43825419    75.13016138    37.85026975     120.675569    110.8544084     116.807425    28.82876886    75.20225058    42.32563235    101.1184874    10.58335573    113.3483055    78.39521978    123.2738368    28.05176647    33.77966382


=================================

RESULTADO 1 
    652.2781863    4600.839481    1595.945514    4049.126725    1854.439146     3439.62945     730.371321    2678.756005    1669.958972    3011.411962    1036.931166    5391.579428    3452.442377    7613.249211    1128.243783    1654.761033


    120.0317642    17.03759963    11.00924699    15.83759648    35.78046853    18.47387363    16.09242894    38.13563769    26.23082632    36.55376174    10.46925905    13.29167396    27.92315674    13.44682815    18.19512826    23.78527292
    40.43490281     2702.47246    43.87376958    69.86582226    13.60349794    44.87173882    45.77565721     43.7857414    6.676454493    17.36450471    26.80971696    28.90507765    13.97541305    28.84791421    62.90287933     25.0066332
    28.28161772    35.74551651    200.6050646    45.02154982    38.06302296    43.32067074    34.02368365    23.23477834    26.22478861    42.88586814    12.86103818    27.81141263    27.81089912    31.75370909    21.27382814    41.79236271
    23.93373301    11.11473905    25.31287329    1212.110022    49.45626192    28.67190788    44.79649935    50.10461155    27.86942327    54.87565886    7.317446155    28.24335667    64.51935903    4.284356235    36.22316226     43.1826967
     18.4682131    46.15304948    11.02561396     39.3899471    531.8036336    11.16442279    56.67036072    21.99285065    29.00553165    18.29827159     5.97340358    6.824378718     44.1019817    28.48176597    63.61880122    15.43341231
    38.40157467    26.87826818    15.02679402    39.24937505    60.11432956    725.3007163    23.91268254    51.28653298    11.09682368    18.24225782     8.32507375    40.02613144    24.30039257    41.26290606    58.63591713    21.66271804
    16.83586947    22.81119118    12.37866718    39.60124863    17.58354496     12.2187444    503.6898087    7.271382401    9.468472787    13.26833097    4.070211616    4.826124283    56.00054565    4.401403705    25.67965604    27.36186227
    22.62600832    73.74244346    32.73511859    18.29384409    26.99839144     29.1363206    29.59718932    941.4714786    32.77851552    38.24679337    17.16055717    25.21346936     64.3664442    26.37777138    64.20026265    24.67364574
    7.075464834    60.07134408    23.57847236    31.56193714    50.38748311    25.75806923    39.97319611    20.03563327    509.8909043    52.49321395     16.3625827    29.79674227    66.30342188    18.26375755     24.7517347    14.87665433
    13.50241669    42.08288831    14.88888558    48.09267367    30.18807834    25.64833233    11.95476734    34.51436497    17.60802456    1072.096697    17.00470348    9.657761667    41.59494195    16.88105296    48.06312096     37.1459927
    27.05769481    58.68646389    25.45438557    65.32020098    49.24409913     58.8497033     44.9923072    27.69112465    31.48238626    37.57575297    81.86131013    12.85112567    76.46765012    19.81440174    46.40236758    55.63158142
    39.05489096    80.17354886     33.8998103    7.985501411     64.2123005    61.01419037    56.46016602    44.51762388    26.12497336    54.97880599    18.66665283     642.735178    86.85771233    14.57225552    20.00302016    29.86531445
    21.66837546    25.22756767    38.26051168    24.34022722    36.63401063     44.1072026    52.73816124    57.74103135    27.90000673    41.97789363    31.99831112    13.27432974      1866.6431    16.18750995    17.98453406    23.49847719
    55.37126692    95.52594893    31.66547026    42.44118246     70.5226888     42.8378131    93.41772064    60.97155992    57.87025839    55.37757381    14.92951139    52.76599968     41.6127941    1131.898877    60.82412543    56.25109598
    14.14161536    34.21425547     16.5879855    40.80714802    41.81228368    31.01930832    32.45829518    42.41415346    19.53856577    28.33104139    10.40329433    24.05353527    58.24565087    14.97845946    770.7076355    16.84030588
    36.55328202    41.20895524    36.86979155    42.29114045    32.06774759    39.04589493    46.99876067    38.88950369    39.73511464    37.34503525    11.63918938    22.18517898    46.49151457    26.38338929    64.42894063    680.3984091



RESULTADO 2 
    1276.926314    9096.103755    3109.031891    8046.916929    3677.698182    6854.407075    1378.467034    5242.211071     3305.89039    5946.783427    2003.614298    10695.03444    6789.637563    15214.24037    2132.383836    3296.367472


    240.0635284    34.07519926    22.01849399    31.67519296    71.56093706    36.94774725    32.18485788    76.27127539    52.46165263    73.10752348     20.9385181    26.58334792    55.84631349    26.89365631    36.39025652    47.57054585
    80.86980562     5404.94492    87.74753915    139.7316445    27.20699587    89.74347765    91.55131442    87.57148281    13.35290899    34.72900941    53.61943392    57.81015529     27.9508261    57.69582843    125.8057587     50.0132664
    56.56323543    71.49103301    401.2101292    90.04309963    76.12604591    86.64134148     68.0473673    46.46955667    52.44957723    85.77173628    25.72207637    55.62282527    55.62179823    63.50741819    42.54765628    83.58472542
    47.86746603     22.2294781    50.62574659    2424.220043    98.91252383    57.34381577    89.59299871    100.2092231    55.73884653    109.7513177    14.63489231    56.48671333    129.0387181    8.568712469    72.44632451    86.36539339
    36.93642619    92.30609895    22.05122792    78.77989421    1063.607267    22.32884558    113.3407214     43.9857013     58.0110633    36.59654317    11.94680716    13.64875744    88.20396339    56.96353194    127.2376024    30.86682461
    76.80314935    53.75653636    30.05358803    78.49875009    120.2286591    1450.601433    47.82536509     102.573066    22.19364736    36.48451564     16.6501475    80.05226288    48.60078514    82.52581212    117.2718343    43.32543609
    33.67173893    45.62238235    24.75733435    79.20249726    35.16708992    24.43748881    1007.379617     14.5427648    18.93694557    26.53666194    8.140423232    9.652248566    112.0010913     8.80280741    51.35931208    54.72372454
    45.25201664    147.4848869    65.47023717    36.58768817    53.99678287    58.27264119    59.19437865    1882.942957    65.55703105    76.49358674    34.32111435    50.42693871    128.7328884    52.75554275    128.4005253    49.34729149
    14.15092967    120.1426882    47.15694471    63.12387428    100.7749662    51.51613846    79.94639221    40.07126653    1019.781809    104.9864279    32.72516539    59.59348455    132.6068438     36.5275151    49.50346939    29.75330866
    27.00483338    84.16577662    29.77777115    96.18534735    60.37615667    51.29666466    23.90953468    69.02872995    35.21604912    2144.193394    34.00940697    19.31552333    83.18988389    33.76210593    96.12624192     74.2919854
    54.11538963    117.3729278    50.90877114     130.640402    98.48819825    117.6994066    89.98461439    55.38224929    62.96477252    75.15150594    163.7226203    25.70225133    152.9353002    39.62880348    92.80473515    111.2631628
    78.10978191    160.3470977    67.79962061    15.97100282     128.424601    122.0283807     112.920332    89.03524777    52.24994672     109.957612    37.33330566    1285.470356    173.7154247    29.14451104    40.00604032    59.73062891
    43.33675093    50.45513533    76.52102336    48.68045445    73.26802125     88.2144052    105.4763225    115.4820627    55.80001345    83.95578726    63.99662224    26.54865948    3733.286199    32.37501991    35.96906813    46.99695438
    110.7425338    191.0518979    63.33094053    84.88236492    141.0453776    85.67562619    186.8354413    121.9431198    115.7405168    110.7551476    29.85902279    105.5319994    83.22558819    2263.797755    121.6482509     112.502192
    28.28323072    68.42851093      33.175971    81.61429604    83.62456736    62.03861664    64.91659035    84.82830692    39.07713154    56.66208279    20.80658865    48.10707054    116.4913017    29.95691893    1541.415271    33.68061177
    73.10656404    82.41791048     73.7395831     84.5822809    64.13549518    78.09178985    93.99752133    77.77900739    79.47022927     74.6900705    23.27837876    44.37035796    92.98302914    52.76677858    128.8578813    1360.796818



